###Mensal
97095
190852
194322
118212
204289
224129
195138
230766
205697
214893
245470
158081
245448
###G1
224033
152338
79634
226817
98761
204841
204331
200119
152835
143313
###G2
203517
220589
220568
116132
240645
221861
95778
167465
203849
203889
###G3
237088
238518
235016
165115
234206
142731
234016
246483
244889
204983
###G4
235832
114522
192051
228250
89622
150947
238423
216908
167585
194664
234872
###G5
233545
170256
240530
214703
192262
191393
182740
235831
211058
132243
196438
230762
207017
129084
222730
197216
###G6
191273
176431
232517
237774
194071
178962
225583
223614
195815
226816
205232
129696
233116
###G7
204213
233061
230371
218028
77191
195814
127501
234184
218975
231340
204332
201044
###G8
209818
226526
90087
218890
245799
245194
245068
212154
247119
###G9
177705
215669
235015
247046
217534
247330
247601
229001
246936
196850
213807
###G10
195419
141544
222896
250756
251010
188937
233560
243389
###G11
252221
252586
170474
149633
113779
252325
220484
229834
251374
252032
227174
251375
###G12
237331
254450
255054
254448
202794
198601
119904
252586
261982
256740
###G13
233044
265541
256740
207378
238597
266803
268756
269544
270405
265730
###G14
271475
264308
271503
148778
252022
273290
273228
275081
275080
###G15
245684
175792
256743
270717



